GRMZM2G031545	GRMZM2G080549	GRMZM2G080567	GRMZM2G089736	GRMZM2G094765	GRMZM2G111224	GRMZM2G114461	GRMZM2G127031	GRMZM2G127035	GRMZM2G326788	GRMZM2G377502	GRMZM5G898768
10343927_LMAD26_33-16_CTCATA	920.36696	2.05134	30.08629	198.97978	0	39.6592	0	0.68378	0.68378	0	0	24.61606
10344827_LMAN26_33-16_AGGCAT	991.40798	5.45729	67.3066	160.08055	0	18.19097	0	0	1.8191	0	0	20.01007
10343262_LMAN8_38-11_TCGTTC	1746.23193	1.92847	22.17743	161.9917	0	24.10591	0.96424	3.85695	0	0	0	22.17743
10343264_LMAN26_4226_TGTGCA	1008.42988	0.76745	83.6521	180.35085	0	22.25606	2.30235	6.1396	0	0	0	29.93057
10343927_LMAD26_4226_TGGCGA	644.38613	1.31776	50.075	220.06643	0	48.75723	2.63553	7.90658	0	0	0	35.5796
10343262_LMAN8_4722_GACATC	1331.10373	2.48417	65.83064	100.60908	0	18.63131	4.14029	1.65612	2.8982	0	0	13.66296
10344823_LMAD8_A188_TTAACT	1246.00552	0	95.65546	108.07825	0	50.93343	1.24228	4.96911	0	0	0	26.08785
10344826_LMAN8_A188_CCTGCT	1855.43852	0	66.94881	204.67208	0	45.90776	0	1.91282	0	0	0	17.21541
10343264_LMAD26_A214N_CGAAGG	870.22937	0	36.19672	99.54097	0	30.91803	5.27869	8.29508	1.5082	0	0	21.86885
10344827_LMAN26_A214N_TCGTTC	1025.953	1.41413	59.39356	125.15071	0	41.00984	4.2424	9.19186	0	0	0	32.52504
10343262_LMAN8_A239_CAAGCA	1363.87047	0	35.33343	36.74677	0	29.68008	4.24001	0	1.41334	0	0	28.26675
10343927_LMAD26_A441-5_CTAGTC	1586.86935	0	38.72466	109.43927	0	32.83178	1.68368	4.2092	1.68368	0	0	12.62761
10344827_LMAN26_A441-5_AGTTGA	1458.66591	0	51.83077	223.61274	0	22.21319	1.48088	5.92352	0	0	0	14.80879
10344823_LMAD8_A554_CCTGCT	1055.0221	3.86809	25.1426	58.02138	0	59.95543	2.90107	1.93405	0.96702	0	0	20.30748
10344826_LMAN8_A554_GTGTAG	1064.24939	0	48.01125	35.20825	0	43.21013	1.60038	4.80113	0	0	0	28.80675
10344823_LMAD8_A556_TCGTTC	951.37487	1.41363	38.16809	96.12703	0	40.99535	1.41363	2.82727	0	0	0	25.44539
10344826_LMAN8_A556_ACAGAT	1301.51361	3.6053	41.46096	93.73782	0	23.43446	5.40795	0	0	0	0	18.0265
10343264_LMAD26_A6_AAGTGG	793.18613	1.28973	52.23421	55.45854	0	32.88821	1.9346	0.64487	0	0	0	24.50494
10344827_LMAN26_A6_ATGAAC	879.23402	2.16294	78.94721	72.4584	0	27.03672	1.08147	2.16294	0	0	0	19.46644
10344823_LMAD8_A619_AGACCA	1182.59553	0.94457	50.06195	69.89782	0	34.00434	1.88913	2.8337	0.94457	0	0	17.94674
10344826_LMAN8_A619_GAGTCC	967.80061	0	33.82099	49.43068	0	15.60969	7.80484	7.80484	0	0	0	15.60969
10343262_LMAN8_A632_AGGCAT	1116.17726	6.23563	12.47125	109.12347	0	31.17814	0	6.23563	0	0	0	18.70688
10344823_LMAD8_A632_GCATGG	939.31525	0	8.19647	140.97925	0	36.06446	0	3.27859	0	0	0	31.14658
10343262_LMAN8_A634_TTGGTA	1063.50689	1.98415	21.8257	144.84329	0	37.69894	5.95246	3.96831	0	0	0	15.87324
10343262_LMAN8_A635_CGGTTA	1130.08867	0	24.25083	84.8779	0	38.80133	1.21254	3.63762	0	0	0	20.61321
10344823_LMAD8_A641_AGTACT	815.07511	0.86343	20.72225	158.00715	0	36.26394	3.45371	8.63427	2.59028	0	0	23.31253
10344826_LMAN8_A641_ATGGCG	992.66594	0	15.69432	127.51638	0	41.1976	0	5.88537	1.96179	0	0	17.65611
10344823_LMAD8_A654_TATGTC	1079.91402	2.95058	131.00596	102.68035	0	48.38959	0	0	0	0	0	20.65409
10344826_LMAN8_A654_CTCCAT	1190.25001	0	91.55769	119.025	0	22.88942	2.28894	2.28894	0	0	0	25.17837
10344823_LMAD8_A659_GGCTGC	1417.88124	0	46.83416	110.19802	0	43.16089	1.83663	2.75495	0.91832	0	0	22.95792
10344826_LMAN8_A659_AATGAA	1301.59558	5.19254	34.6169	155.77607	0	27.69352	1.73085	2.59627	0	0	0	35.48233
10344823_LMAD8_A661_GTCAGG	1400.89111	2.76038	12.42169	80.05092	0	24.84339	0	4.14056	0	0	0	35.8849
10344826_LMAN8_A661_ACCGTG	1429.34848	0	27.3945	27.3945	0	20.94874	9.66865	4.83432	0	0	0	46.7318
10344823_LMAD8_A679_TAGGCT	864.53159	0.87948	38.69724	119.60966	0	35.17931	3.51793	4.39741	0	0	0	30.7819
10344826_LMAN8_A679_ATTGGT	1149.96354	0	54.69959	94.13418	0	13.99292	2.54417	6.36042	0	0	0	16.53709
10343262_LMAN8_A680_CAGCGT	997.53549	0.98086	52.96649	115.74158	0	22.5598	1.96172	13.73205	0	0	0	17.6555
10343262_LMAN8_A682_ACATTA	959.12033	0	15.24082	174.48107	0	21.02182	0.52555	6.83209	0	0	0	22.59845
10344823_LMAD8_A682_TCGAGG	846.51337	1.78967	14.31735	153.91152	0	44.74172	7.15868	10.73801	0	0	0	34.00371
10343264_LMAD26_Ab28A_AGGCAT	1327.22126	0	39.03592	119.05955	0	35.13233	7.80718	0	0	0	0	21.46976
10344827_LMAN26_Ab28A_CCTAAG	1367.45878	1.38034	42.33049	144.93591	0	43.25072	3.2208	6.90171	0.92023	0	0	25.76638
10343262_LMAN8_B10_TTCCGC	1423.00205	0	21.23884	21.23884	0	14.15922	14.15922	7.07961	0	0	0	49.55729
10344823_LMAD8_B103_GCCACA	982.06489	0	21.11968	138.78644	0	52.79919	3.0171	1.50855	0	0	0	39.22225
10344826_LMAN8_B103_ATATCC	1209.72361	0	26.01556	106.23021	0	39.02334	0	4.33593	0	0	0	39.02334
10343262_LMAN8_B104_GTGCCA	1124.38194	0.95937	53.72473	160.21483	0	23.98426	1.91874	1.91874	0	0	0	24.94363
10343262_LMAN8_B105_ATACTG	1039.3592	2.00842	56.23586	88.37064	0	20.08424	2.00842	3.01264	0	0	0	16.06739
10343262_LMAN8_B109_TGCTAT	1039.46526	1.36234	35.42083	23.15978	0	14.98574	5.44936	34.05849	1.36234	0	0	16.34808
10343262_LMAN8_B14A_CTCTCG	1045.67498	0	11.51624	124.37544	0	32.24548	0	9.213	0	0	0	23.03249
10343262_LMAN8_B164_TGGCGA	1149.32361	1.52228	36.53479	21.31196	0	24.35653	1.52228	4.56685	4.56685	0	0	41.10164
10343262_LMAN8_B2_ACAGAT	1043.87988	1.23829	37.7679	130.02063	0	50.76996	1.85744	3.09573	2.47658	0	0	30.33815
10343262_LMAN8_B37_TGTGCA	1135.23428	3.70024	74.74489	145.78954	0	11.10073	1.4801	3.70024	0.74005	0	0	9.62063
10343264_LMAN26_B46_ACCGTG	1148.33877	0.55315	76.33466	172.5827	0	29.87008	1.1063	1.1063	0	0	0	8.8504
10343927_LMAD26_B46_CGATCT	995.11884	4.89724	107.73924	227.23186	0	43.0957	0.97945	0.97945	0.97945	0	0	9.79448
10343264_LMAN26_B52_ATAAGA	1283.11394	2.34716	62.59092	125.18185	0	51.63751	3.12955	3.91193	0	0	0	14.08296
10343927_LMAD26_B52_TGCTAT	1342.5302	0.77693	53.60798	142.95461	0	69.14652	3.88464	1.55385	3.88464	0	0	17.86933
10343262_LMAN8_B57_CCTAAG	1071.49824	0	59.37774	131.57567	0	29.01412	2.02424	0.67475	0	0	0	18.89292
10343264_LMAN26_B64_ACCAGT	988.33222	1.01576	53.83516	211.2776	0	27.42546	0	2.03152	0	0	0	39.61455
10343927_LMAD26_B64_GCGAAT	962.77459	0	23.24882	261.20731	0	49.23279	2.73516	6.83789	0	0	0	23.24882
10343262_LMAN8_B68_ATAAGA	1156.98113	0	20.55164	129.39921	0	41.86445	2.28352	9.13406	0	0	0	33.49156
10343262_LMAN8_B73_AATGAA	988.70752	3.82664	44.48466	85.14269	0	16.74154	3.34831	8.60993	0	0	0	20.08985
10343262_LMAN8_B73_CCAATT	928.4196	2.57537	45.06891	73.39794	0	32.19208	3.86305	19.31525	0	0	0	21.89061
10343262_LMAN8_B73_GCGCTG	1099.3327	0	48.11403	86.02205	0	21.87001	5.832	10.20601	0	0	0	36.45002
10343262_LMAN8_B73_GGCCAA	900.43515	1.30687	54.88864	99.32231	0	9.14811	1.30687	10.45498	0	0	0	16.98934
10343264_LMAD26_B73_CAAGCA	1251.77959	0.78531	120.15199	86.38379	0	39.26536	0.78531	7.85307	2.35592	0	0	10.9943
10343264_LMAN26_B73_ACTCTT	1433.20027	0.5942	156.86769	120.02755	0	35.05755	2.97098	13.07231	2.37678	0	0	18.42007
10343264_LMAN26_B73_CCTGCT	1444.00269	0	99.08638	107.54497	0	19.33393	6.04185	15.70882	2.41674	0	0	16.91719
10343264_LMAN26_B73_GTGTAG	1145.40809	1.10082	118.88907	143.65762	0	34.67598	1.10082	13.76031	1.10082	0	0	15.96196
10343264_LMAN26_B73_TCAGGA	1174.83392	0	142.14193	108.15147	0	40.78855	3.09004	21.63029	0	0	0	23.48432
10343927_LMAD26_B73_CAGATG	1066.43569	0	83.32844	89.22035	0	41.24337	0.8417	3.36681	0	0	0	19.35913
10343927_LMAD26_B73_CGCGGA	1202.06332	0	111.22294	81.2783	0	49.19476	2.1389	6.41671	0	0	0	25.66683
10343927_LMAD26_B73_GATCAC	1024.43032	1.01429	41.58579	90.27158	0	47.67151	3.04286	3.04286	1.01429	0	0	19.27146
10343927_LMAD26_B73_TATGTC	1125.91766	2.43048	150.68947	97.21901	0	58.93902	0	10.32952	1.21524	0	0	27.95047
10343927_LMAD26_B73_TTCCGC	1004.20611	1.12896	81.28481	98.78363	0	50.23853	2.25791	5.64478	2.25791	0	0	18.62777
10343927_LMAN8_B73_AGGCAT	1177.57733	0	52.59083	86.8892	0	16.00591	0	4.57312	0	0	0	45.73116
10343927_LMAN8_B73_CACACT	1190.95922	1.08763	59.81987	146.83059	0	31.54139	2.17527	2.17527	1.08763	0	0	20.66505
10343927_LMAN8_B73_GCGCTG	1464.32851	0	39.17312	80.21163	0	26.11541	1.86539	22.38464	0	0	0	39.17312
10344827_LMAN26_B73_CCTGCT	996.50612	0	158.86329	154.04926	0	59.37315	1.60468	25.67488	3.20936	0	0	19.25616
10344827_LMAN26_B73_GAACCT	994.60302	0	174.67938	114.07633	0	51.69084	1.78244	17.82443	1.78244	0	0	19.60687
10344827_LMAN26_B73_GCAGCC	1228.43847	0	137.07897	117.74732	0	34.26974	1.75742	15.8168	0.87871	0	0	14.93809
10343262_LMAN8_B73Htrhm_AATCCG	1017.86034	1.3219	34.36931	89.88896	0	13.21897	1.3219	11.89707	0	0	0	23.79414
10343262_LMAN8_B75_CACTAA	1120.66154	0	0	86.92112	0	24.8346	3.10433	12.4173	1.55216	0	0	31.04326
10344823_LMAD8_B76_ACCGTG	956.32983	0.81045	52.67919	159.65845	0	42.14335	0	9.72539	0	0	0	8.91494
10344826_LMAN8_B76_AGATAG	1175.46636	0	58.77332	189.09676	0	11.49913	2.55536	6.3884	0	0	0	6.3884
10343264_LMAN26_B77_GTAGAA	1410.12114	0	98.84027	24.71007	0	22.23906	1.64734	4.94201	0.82367	0	0	19.76805
10343927_LMAD26_B77_TAATCG	1045.37899	2.15542	116.39271	62.5072	0	47.41925	2.15542	4.31084	2.15542	0	0	28.02047
10343262_LMAN8_B79_GCAGCC	1332.08926	0	30.2985	76.26864	0	22.98507	3.13433	4.1791	0	0	0	22.98507
10343264_LMAN26_B84_GTGCCA	1620.31101	2.23081	93.69398	130.87413	0	29.74412	2.23081	9.66684	0.7436	0	0	24.5389
10343927_LMAD26_B84_GCAGCC	969.58249	0	52.37357	71.17434	0	41.63027	5.37165	4.02874	0	0	0	13.42912
10343262_LMAN8_C103_CGATCT	907.06593	1.55586	26.44961	152.4742	0	14.00273	6.22344	1.55586	0	0	0	32.67304
10344823_LMAD8_C123_GCTCGA	852.77217	0	26.62044	208.37382	0	59.66651	1.83589	3.67179	0	0	0	23.86661
10344826_LMAN8_C123_GACATC	1090.28568	2.52381	37.85714	106	0	20.19048	0	7.57143	0	0	0	40.38095
10344823_LMAD8_C49A_AATGAA	1064.35475	3.40049	30.0377	71.97713	0	50.44067	1.70025	0.56675	2.83375	0	0	6.23424
10344826_LMAN8_C49A_GGTATA	945.24519	2.50396	46.32327	68.85892	0	36.30743	6.2599	3.75594	1.25198	0	0	5.00792
10343262_LMAN8_CH701-30_GAACCT	1019.15616	0	23.85984	201.10439	0	30.67694	0	3.40855	0	0	0	23.85984
10344823_LMAD8_CH701-30_ATGAAC	921.37127	3.7607	36.35342	223.13481	0	72.70685	1.25357	13.78923	0	0	0	42.62126
10343262_LMAN8_CH9_CGCGGA	948.49862	0	87.3145	177.02118	0	50.23574	3.58827	3.58827	0	0	0	15.54916
10343927_LMAN8_CI187-2_GACGAT	1558.7112	0	41.10643	16.66477	0	22.21969	2.22197	8.88788	0	0	0	17.77575
10343264_LMAN26_CI21E_ATGAAC	2094.02715	1.05919	45.54536	164.17512	0	28.59825	2.11839	0	0	0	0	51.90052
10343927_LMAD26_CI21E_AAGTGG	1321.55159	2.39846	100.73533	117.52455	0	57.56305	1.19923	0	0	0	0	28.78152
10343927_LMAD26_CI28A_TCGAGG	1063.61369	0.60193	55.37774	107.74581	0	37.31978	6.62125	7.82511	0.60193	0	0	16.85409
10344827_LMAN26_CI28A_AAGCTC	1300.33852	2.272	49.22656	128.74639	0	24.99195	3.02933	10.60264	2.272	0	0	28.02127
10343927_LMAD26_CI31A_GTGTAG	982.22597	1.00845	28.23648	108.91212	0	65.54896	1.00845	0	0	0	0	26.21958
10344827_LMAN26_CI31A_CACACT	1316.45768	1.17962	75.49578	125.03989	0	14.15546	1.17962	1.17962	1.17962	0	0	20.05357
10343262_LMAN8_CI3A_TTAACT	1023.6745	0.66907	56.87081	143.84968	0	14.05043	0.66907	14.05043	0	0	0	24.08646
10343264_LMAN26_CI64_ATATCC	1598.35185	0.72918	53.95896	178.6479	0	29.89618	4.37505	0	0.72918	0	0	25.52113
10343927_LMAD26_CI64_TTCGAG	1119.58743	2.50467	93.50767	153.61975	0	50.0934	5.84423	0	1.66978	0	0	14.19313
10343264_LMAD26_CI66_CAGATG	1242.91863	1.67171	57.6741	191.41114	0	55.16653	0	0	0	0	0	17.55299
10344827_LMAN26_CI66_GTGTAG	1118.79308	0	64.94313	178.59362	0	26.56765	0.49199	5.41193	0.49199	0	0	21.64771
10344823_LMAD8_CM105_ACCAGT	918.46549	1.99884	46.97266	119.93021	0	41.97557	0.99942	6.99593	0	0	0	19.98837
10344826_LMAN8_CM105_GATTGT	1510.0797	0	41.37205	109.34041	0	33.49166	6.89534	2.95515	0.98505	0	0	18.71593
10344823_LMAD8_CM37_TACCTT	923.76877	2.5495	63.7375	96.03116	0	47.59066	0.84983	1.69967	0.84983	0	0	37.39266
10344826_LMAN8_CM37_TGCACG	1496.16768	0	106.12047	94.32931	0	30.13297	0	0	3.93039	0	0	35.37349
10344823_LMAD8_CM7_CCTAAG	913.11113	1.07615	81.78721	128.06155	0	48.96471	1.61422	2.15229	2.15229	0	0	29.59406
10344826_LMAN8_CM7_TTAACT	1640.50663	3.67827	57.62617	107.8958	0	33.10439	1.22609	4.90435	0	0	0	23.29568
10343264_LMAN26_CML10_AGACCA	1092.27349	0.56594	60.5561	140.35431	0	9.62106	1.69783	1.13189	0.56594	0	0	40.18208
10343927_LMAD26_CML10_GGAGGT	1316.54179	0	67.62112	262.20434	0	22.08037	0	4.14007	1.38002	0	0	27.60046
10343927_LMAD26_CML108_ATATCC	953.44006	0	38.81031	115.13727	0	37.51664	0	11.64309	0	0	0	23.28619
10344827_LMAN26_CML108_CCGACC	1138.82574	5.89302	45.67089	143.64232	0	28.72846	3.68314	16.94243	0	0	0	33.14823
10343264_LMAD26_CML11_CCGACC	943.59978	0	75.00793	201.02126	0	22.50238	3.00032	0	0	0	0	36.75389
10344827_LMAN26_CML11_TCGAGG	1184.43567	0	37.66757	125.55855	0	20.08937	1.67411	1.67411	0	0	0	46.87519
10343927_LMAD26_CML154Q_ACAGAT	972.18482	0	51.41362	183.45315	0	50.24513	2.33698	5.84246	2.33698	0	0	21.03284
10344827_LMAN26_CML154Q_AACGCC	1096.33671	0	77.1163	255.76906	0	24.42016	0	3.85581	1.28527	0	0	15.42326
10343264_LMAD26_CML157Q_CAACAG	836.72691	0	78.58761	78.58761	0	32.3596	0	6.16373	0	0	0	21.57307
10344827_LMAN26_CML157Q_TGACAC	1248.65042	0.68948	104.80114	222.70242	0	35.16354	2.75792	2.75792	0	0	0	39.98991
10343264_LMAD26_CML158Q_TGCTAT	1011.03839	0	59.47285	91.91258	0	27.03311	5.40662	0	5.40662	0	0	16.21987
10344827_LMAN26_CML158Q_ATAAGA	891.78973	0.88824	108.36489	104.81194	0	15.10003	3.55295	1.77647	2.66471	0	0	31.97652
10343264_LMAD26_CML218_CGCGGA	1076.71922	0	137.21807	113.97953	0	54.22327	1.1066	0	1.1066	0	0	18.81215
10344827_LMAN26_CML218_TCAGGA	1126.21065	3.33692	141.81912	127.91528	0	31.14459	4.44923	0	2.78077	0	0	22.24614
10343264_LMAD26_CML220_GTTACC	1399.53926	1.2065	107.37844	91.69395	0	56.70547	1.2065	0	1.2065	0	0	26.54299
10344827_LMAN26_CML220_GGTATA	1420.3241	1.18311	108.25461	160.31147	0	25.43687	2.36622	0	0	0	0	18.33821
10343264_LMAD26_CML228_CCGCAA	1207.0562	0	35.50165	195.91653	0	44.70579	2.62975	0	5.2595	0	0	1.31488
KAKRNA14_LMAN26_CML228_ACATTA	1837.23612	0	41.82578	140.96837	0	13.94193	3.09821	6.19641	4.64731	0	0	9.29462
10343264_LMAD26_CML238_CCAATT	943.50319	1.25133	62.56652	56.30987	0	26.27794	3.75399	5.00532	0	0	0	36.28858
10344827_LMAN26_CML238_TAGGCT	1055.11471	1.29383	53.69376	89.27396	0	6.46913	3.23456	6.46913	0	0	0	47.87154
10343264_LMAD26_CML261_TATGTC	801.7123	0	96.5537	85.47377	0	29.28268	0.79142	0	0	0	0	26.11699
KAKRNA14_LMAN26_CML261_GAACCT	1125.95014	2.30727	140.74377	166.12379	0	16.15092	0	0	4.61455	0	0	20.76547
10343264_LMAD26_CML277_AATAGC	921.02181	2.61654	67.37589	96.81195	0	42.51876	0	7.84962	3.27067	0	0	20.27818
10344827_LMAN26_CML277_GCATGG	1190.7075	2.09878	29.38291	116.13246	0	34.28006	2.09878	16.09064	2.09878	0	0	20.2882
10343264_LMAD26_CML314_TACCTT	849.04906	2.66997	92.11381	98.12124	0	34.04206	2.66997	8.0099	2.66997	0	0	25.36467
10344827_LMAN26_CML314_GACATC	1155.82828	4.40945	81.57491	143.30727	0	24.252	0.55118	11.02364	1.10236	0	0	29.21264
10343264_LMAD26_CML322_GAAGTG	873.85837	1.65191	39.64575	140.41203	0	79.2915	3.30381	0	1.65191	0	0	4.95572
10344827_LMAN26_CML322_TTCGAG	820.01586	3.20632	20.03949	133.86378	0	41.68214	0.80158	4.0079	0	0	0	10.42053
10343264_LMAD26_CML323_GCAGCC	1497.21962	1.1009	41.83408	26.42152	0	49.54036	0	13.21076	3.30269	0	0	39.63228
10344827_LMAN26_CML323_GTGCCA	1219.52691	0.64017	35.84961	16.00429	0	55.69493	5.12137	18.56498	2.56069	0	0	43.53167
10343927_LMAN8_CML328_TTGGTA	1166.01691	1.24442	27.37713	139.37449	0	16.1774	0	1.24442	0	0	0	28.62155
10343264_LMAD26_CML331_TGCACG	786.55694	0	63.68547	61.20422	0	59.55005	3.30834	2.48125	0	0	0	24.81252
KAKRNA14_LMAN26_CML331_ACAACG	1327.23213	0	45.94945	153.75392	0	19.44015	1.76729	1.76729	0	0	0	14.13829
10343264_LMAD26_CML333_TGGATT	673.77831	0	128.94723	141.72578	0	25.55711	0	3.48506	6.97012	0	0	49.95253
10344827_LMAN26_CML333_ACCAGT	1112.54942	0	181.80049	173.97176	0	21.74647	0.86986	7.82873	0	0	0	48.71209
10343264_LMAD26_CML341_CTAGTC	704.06813	1.27896	81.85352	100.39845	0	61.39014	1.91844	8.31325	2.55792	0	0	24.30026
KAKRNA14_LMAN26_CML341_AGTTGA	1510.41129	0	40.11717	148.43351	0	18.05272	2.00586	22.06444	0	0	0	26.07616
10343264_LMAD26_CML38_CAGGAC	1365.63165	0	172.57982	107.54975	0	42.51967	1.25058	1.25058	0	0	0	7.50347
10344827_LMAN26_CML38_GCTCGA	1044.97724	1.71448	143.15931	133.72966	0	19.71655	0.85724	1.71448	0	0	0	8.57241
10343264_LMAD26_CML69_GACGAT	873.31759	5.26095	84.17519	103.46534	0	47.34854	0	10.5219	1.75365	0	0	35.073
10344827_LMAN26_CML69_TTAACT	1021.98651	2.17753	31.93708	118.31236	0	17.42022	6.53258	32.66292	2.90337	0	0	58.06742
10343264_LMAN26_CML77_GCATGG	1490.50337	0.67383	48.51548	138.80818	0	24.93157	5.39061	0.67383	0.67383	0	0	28.97452
10343927_LMAD26_CML77_AATAGC	984.91017	1.09556	39.44023	134.75412	0	72.30709	0	2.19112	1.09556	0	0	36.15354
10343264_LMAD26_CML91_AACGCC	1073.62877	0	80.40392	170.26712	0	52.02606	0	0	0	0	0	9.45928
10344827_LMAN26_CML91_AATCCG	1080.11259	2.83494	131.82476	184.27118	0	26.93194	5.66988	1.41747	0	0	0	28.34941
10344827_LMAN26_CML92_CGCGGA	1184.5512	0.8659	33.7701	76.1992	0	20.7816	1.7318	6.0613	0	0	0	13.8544
10344823_LMAD8_CMV3_CGTCGC	862.9361	4.70521	125.15867	272.90237	0	43.28796	0.94104	0	1.88209	0	0	19.7619
10344826_LMAN8_CMV3_ACCAGT	1195.06966	3.48925	103.80532	197.14288	0	30.53098	1.74463	0.87231	2.61694	0	0	23.55247
10344823_LMAD8_CO106_TGCACG	1274.32397	1.0252	70.73882	36.90721	0	38.95761	1.0252	3.0756	0	0	0	22.55441
10344826_LMAN8_CO106_TGACAC	1626.43239	0	40.89316	24.16414	0	33.45804	3.71756	0	0	0	0	20.44658
10344823_LMAD8_CO125_CTCCAT	688.61805	0	13.87912	180.42861	0	48.04312	2.13525	6.40575	0	0	0	13.87912
10344826_LMAN8_CO125_TGTGCA	805.83086	0	39.38271	131.78061	0	39.38271	1.51472	4.54416	0	0	0	19.69136
10344823_LMAD8_CO255_AATAGC	1169.61921	2.04479	32.71662	179.94142	0	26.58225	5.11197	3.06718	0	0	0	33.73902
10344826_LMAN8_CO255_CTCATA	1294.42449	0	43.84341	135.70579	0	17.74614	1.04389	7.30724	0	0	0	49.06286
10343264_LMAN26_CI7_GACATC	269.89928	0	0	122.68149	0	24.5363	0	0	0	0	0	24.5363
10343927_LMAD26_CI7_TACCTT	749.6583	0.70193	44.92334	185.30879	0	37.90407	3.50964	1.40385	2.10578	0	0	16.84625
10343927_LMAD26_CI90C_GCCACA	985.21933	1.03381	98.21179	155.07125	0	48.58899	5.16904	2.06762	12.4057	0	0	11.37189
10344827_LMAN26_CI90C_CATCTA	1237.66624	2.82143	92.16663	139.19043	0	26.33332	1.88095	0	3.7619	0	0	11.28571
10343927_LMAD26_CI91B_AGATAG	2174.16171	3.40778	63.04387	28.9661	0	30.66999	0	0	1.70389	0	0	23.85444
10344827_LMAN26_CI91B_CACTAA	2070.14154	2.70784	49.41803	29.10925	0	14.21615	2.03088	6.09263	0	0	0	30.46317
10343264_LMAD26_D940Y_GATCAC	1326.92232	3.23114	32.31142	89.39493	0	30.15733	0	0	0	0	0	6.46228
10344827_LMAN26_D940Y_ACTCTT	1414.54689	3.42609	27.83698	102.35444	0	9.42175	4.28261	0.85652	0.42826	0	0	4.71087
10343262_LMAN8_DE1_GAGTCC	1503.47649	0	47.79263	177.231	0	47.79263	0	0	0	0	0	13.93952
10343264_LMAN26_DE811_TCGAGG	1362.93716	0	54.17079	148.42797	0	43.33663	1.08342	5.41708	1.08342	0	0	31.41906
10343927_LMAD26_DE811_CCGACC	982.21019	0	44.56152	135.54129	0	22.28076	2.7851	11.14038	0	0	0	13.92548
10343927_LMAN8_E2558W_GAACCT	1256.7504	0	20.31385	132.71718	0	16.25108	0	1.35426	0	0	0	20.31385
10344826_LMAD8_E2558W_CGCAAC	1210.94017	4.63075	72.93426	96.08799	1.15769	53.25358	8.10381	0	0	0	0	13.89224
10344823_LMAD8_EP1_CTCATA	1111.48278	0.81368	28.4787	167.61746	0	32.54708	0	4.88206	0	0	0	30.10605
10344826_LMAN8_EP1_AATCCG	1544.8147	0	54.41617	123.94795	0	18.13872	3.02312	9.06936	0	0	0	57.43929
10343262_LMAN8_F2834T_ACGTCT	1681.64733	0.83044	58.13102	20.76108	0	12.45665	4.15222	2.49133	1.66089	0	0	37.36994
10344826_LMAD8_F2834T_CAAGCA	1502.67924	0	105.25095	16.48509	0	41.84676	3.80425	11.41275	2.53617	0	0	21.55742
10343264_LMAD26_F6_GCGAAT	870.46304	1.4867	63.92811	60.95471	0	48.31776	1.4867	2.23005	6.69015	0	0	20.8138
10344827_LMAN26_F6_TGTGCA	1023.27628	1.6064	65.3269	33.19892	0	16.59946	1.6064	8.032	3.74826	0	0	46.58558
10344823_LMAD8_F7_TTCGAG	822.71675	5.52159	51.90294	182.21243	0	30.9209	1.10432	4.41727	0	0	0	34.23385
10344826_LMAN8_F7_GGCTGC	1013.09025	1.1712	39.82089	153.42754	0	14.05443	5.85601	5.85601	0	0	0	42.16329
10343264_LMAD26_GA209_CATCTA	684.63667	2.47161	130.99546	33.36677	0	39.5458	0	1.23581	0	0	0	33.36677
10344827_LMAN26_GA209_ATACTG	770.58765	2.48577	121.80256	66.28711	0	14.08601	4.14294	0	0	0	0	41.42944
10343264_LMAD26_GT112_CAGCGT	1109.85397	1.08809	68.5498	51.14033	0	35.90704	1.08809	7.61664	2.17618	0	0	25.02612
10344827_LMAN26_GT112_GATTGT	1152.36503	2.09014	67.58126	36.22913	0	36.22913	2.09014	4.18028	2.09014	0	0	37.62256
10343262_LMAN8_H105W_AGAATC	1306.68301	1.57242	20.44149	78.62112	0	42.4554	1.57242	3.14484	0	0	0	20.44149
10343262_LMAN8_H49_GCGAAT	1014.62853	0	50.41632	56.71836	0	42.0136	0	16.80544	0	0	0	29.40952
10343262_LMAN8_H84_GGAGGT	1041.92913	0	48.34551	168.37575	0	23.33921	5.00126	1.66709	0	0	0	3.33417
10343262_LMAN8_H91_ATGAAC	1139.72333	0.78602	11.00423	111.61429	0	34.58471	0.78602	8.64618	0	0	0	25.93853
10344826_LMAD8_H91_GATCAC	1156.67798	0	22.19046	131.75589	0	31.89879	0	4.16071	0	0	0	16.64285
10343262_LMAN8_H95_CTAGTC	1340.46349	1.15259	28.81478	17.28887	0	49.56142	1.15259	3.45777	1.15259	0	0	11.52591
10344823_LMAD8_H99_GTAGAA	805.84398	0.85094	43.39814	169.33786	0	43.39814	1.70189	4.25472	0	0	0	11.91322
10344826_LMAN8_H99_GCTCGA	1272.05763	0	64.75406	192.82321	0	27.34061	2.87796	5.75592	0	0	0	5.75592
10343262_LMAN8_HP301_ACACGC	906.79569	0	14.81438	119.2947	0	18.71289	3.11882	0.7797	0	0	0	35.86638
10344826_LMAD8_HP301_ACCTAC	818.26095	1.53808	106.12783	129.1991	0	59.98529	0	0	0	0	0	26.14744
10343264_LMAD26_Hi27_AAGCTC	854.20151	0	137.68957	90.33137	0	39.46516	2.63101	0	0	0	0	15.78606
10344827_LMAN26_Hi27_GAGTCC	832.10435	0	149.15078	109.90057	0	28.26015	2.35501	1.57001	0	0	0	14.91508
10343927_LMAD26_I137TN_CCGCAA	1019.83154	0	15.0608	78.53133	0	35.50046	1.07577	2.15154	0	0	0	27.97006
10344827_LMAN26_I137TN_ACATTA	1060.44114	1.11861	24.60939	148.77497	0	17.89774	0	1.11861	1.11861	0	0	34.67687
10343262_LMAN8_I205_CATCTA	1206.37505	0	44.9023	142.19061	0	49.39253	1.49674	10.4772	0	0	0	28.43812
10344823_LMAD8_I29_ACAGAT	746.37198	4.1542	34.61837	22.15575	0	30.46416	0	2.76947	0	0	0	26.30996
10344826_LMAN8_I29_ACGTCT	1008.19996	0	38.28607	12.76202	0	10.20962	0	7.65721	0	0	0	28.07645
10344823_LMAD8_IA2132_ACACGC	966.77989	6.63693	39.8216	221.2311	0	28.76004	1.10616	15.48618	0	0	0	17.69849
10344826_LMAN8_IA2132_AGACCA	1083.18925	0	25.10704	204.443	0	31.0849	1.19557	9.56458	0	0	0	11.95573
10343262_LMAN8_IDS28_CAGGAC	1187.28998	1.22654	31.89002	30.66348	0	18.39809	2.45308	4.90616	0	0	0	36.79618
10343927_LMAN8_IDS69_ACATTA	845.06811	0.7387	22.89957	324.2875	0	51.70871	1.47739	1.47739	2.21609	0	0	23.63827
10344826_LMAD8_IDS69_CAGGAC	1082.55159	0	11.02145	117.56216	0	24.49212	1.22461	3.67382	0	0	0	37.96278
10343262_LMAN8_IDS91_CGCCTG	910.45541	1.18395	21.31105	103.00341	0	24.86289	2.36789	3.55184	0	0	0	31.96657
10343264_LMAN26_IllHy_GCCACA	1518.70605	0.62472	100.5807	138.06419	0	33.11042	1.87417	1.24945	0.62472	0	0	23.11482
10343927_LMAD26_IllHy_TCTTAA	1185.7901	2.69294	107.7175	135.54452	0	32.31525	0.89765	0	0	0	0	20.64585
10344823_LMAD8_Ia5125_ATACTG	1022.2893	0	38.29596	37.23218	0	35.10463	1.06378	6.38266	2.12755	0	0	9.57399
10344826_LMAN8_Ia5125_TCGAGG	1337.98391	0	72.59408	35.04542	0	27.53568	2.50324	3.75487	0	0	0	28.78731
10343262_LMAN8_Il101T_AAGACA	972.97908	0	26.29673	168.49387	0	20.45301	0.97395	1.94791	0	0	0	16.5572
10344823_LMAD8_Il14H_GAGTCC	983.40708	1.02545	42.04347	135.35947	0	20.50901	3.07635	17.43266	2.0509	0	0	18.45811
10344826_LMAN8_Il14H_ATGAAC	1260.14366	0	43.9585	182.49438	0	30.63774	3.99623	5.3283	0	0	0	15.98491
10343262_LMAN8_K148_ATGGCG	1351.73071	1.62957	4.88872	234.6585	0	22.81402	4.88872	8.96265	0	0	0	43.18368
10344826_LMAD8_K148_TGCTAT	967.85993	1.80571	28.89134	220.29648	0	55.97697	3.61142	5.41713	0	0	0	54.17126
10343927_LMAD26_K4_ACCGTG	971.42125	0.74381	99.67109	55.78606	0	72.14997	2.97526	0	0	0	0	21.57061
10344827_LMAN26_K4_CAATGC	1148.39431	2.22701	72.74896	17.81607	0	17.07374	1.48467	1.48467	0.74234	0	0	20.78542
10343262_LMAN8_K55_AGATAG	1150.96643	0	84.16574	277.74693	0	47.34323	4.20829	2.10414	0	0	0	14.729
10344826_LMAD8_K55_AAGACA	986.0612	2.49005	46.06599	161.85348	0	85.90685	2.49005	0	1.24503	0	0	17.43037
10343927_LMAD26_K64_CCTGCT	1043.07868	3.6218	28.97441	141.25024	0	42.55616	1.8109	0.90545	0.90545	0	0	16.2981
10344827_LMAN26_K64_ACCTAC	1332.63266	2.21	41.99008	127.07525	0	22.10004	3.31501	1.105	1.105	0	0	16.57503
10343262_LMAN8_Ky226_ATTGGT	1246.87903	23.52602	7.84201	15.68401	0	15.68401	0	7.84201	0	0	0	7.84201
10344826_LMAD8_Ky226_CATCTA	1067.40714	6.90134	28.75558	23.00446	0	44.85871	4.60089	5.75112	0	0	0	23.00446
10343927_LMAD26_Ky228_ATACTG	748.58533	2.88658	131.3392	139.51783	0	60.61809	1.44329	0.4811	0.4811	0	0	24.0548
10344827_LMAN26_Ky228_GGAGGT	970.43645	1.92738	54.93036	80.95001	0	34.69286	0.96369	2.89107	0	0	0	38.54762
10343264_LMAD26_Ki11_TCTTAA	953.4437	4.47626	74.30594	125.33532	0	34.01959	0	1.7905	0	0	0	9.84778
10344827_LMAN26_Ki11_GCCACA	966.09567	4.95434	89.17806	150.28155	0	13.21156	5.78006	2.47717	0.82572	0	0	29.72602
10343264_LMAD26_Ki14_GGCCAA	918.27042	1.54331	166.67766	74.07896	1.54331	40.1261	1.54331	16.97643	3.08662	0	0	6.17325
10344827_LMAN26_Ki14_ATGGCG	886.93452	0.90319	78.5777	119.22134	0	25.28938	2.70958	21.67661	0	0	0	29.80534
10343927_LMAD26_Ki21_ACGTCT	827.71491	3.10587	152.18773	128.11722	0	38.8234	2.3294	4.65881	10.09408	0	0	25.62344
10344827_LMAN26_Ki21_AAGACA	760.96801	1.03674	127.51916	181.4297	0	24.88179	2.07348	4.14696	1.03674	0	0	29.02875
10343264_LMAD26_Ki44_TTCGAG	865.21225	1.56741	147.33687	136.36497	0	61.12913	1.56741	10.97189	6.26965	0	0	26.64603
10344827_LMAN26_Ki44_ATATCC	1009.7386	1.21072	159.81474	187.66125	0	14.52861	3.63215	21.79292	10.89646	0	0	9.68574
10343927_LMAD26_Ky21_ATTGGT	2191.52476	0.52142	59.9632	20.85677	0	34.93508	1.56426	0.52142	0.52142	0	0	19.81393
10344827_LMAN26_Ky21_TCTTAA	1795.99227	0	74.37203	30.73224	0	19.66864	0	3.68787	0	0	0	39.95192
10343927_LMAN8_L317_ACAACG	1161.07649	0	9.09935	96.45306	0	41.85699	1.81987	9.09935	1.81987	0	0	34.57751
10344826_LMAD8_L317_CGCGGA	1000.3884	0	29.76362	195.11708	0	67.79492	6.61414	13.22828	3.30707	0	0	36.37776
10343264_LMAD26_L578_CGGTTA	804.29037	0	103.7794	198.91052	0	17.29657	0	0	17.29657	0	0	25.94485
10344827_LMAN26_L578_CTAGTC	615.50963	0	100.21303	201.61202	0	33.79966	0.59298	2.96488	7.11572	0	0	42.69431
10343262_LMAN8_M14_AACCGA	1240.94675	0	51.87904	244.86909	0	18.67646	2.07516	0	0	0	0	8.30065
10343927_LMAD26_M162W_GAGTCC	955.75766	0	54.11876	138.87077	0	37.78102	2.04222	1.02111	1.02111	0	0	19.40106
10344827_LMAN26_M162W_TAATCG	1107.07121	2.73351	47.38083	103.87335	0	12.75638	4.55585	4.55585	0.91117	0	0	36.44679
10343927_LMAD26_M37W_CGTCGC	1188.91252	3.196	27.16601	67.11603	0	51.13602	0	0	9.588	0	0	7.99
10344827_LMAN26_M37W_TTGGTA	1556.83236	0.99989	42.99537	153.98342	0	13.99849	4.99946	0.99989	0.99989	0	0	10.99882
10344823_LMAD8_MEF156-55-2_AATCCG	847.58351	0	35.04557	62.30323	0	45.42944	0	3.89395	1.29798	0	0	32.4496
10344826_LMAN8_MEF156-55-2_ACACGC	1401.19302	0	62.99938	52.13741	0	23.89632	0	4.34478	1.0862	0	0	29.3273
10343262_LMAN8_Mo1W_GGCTGC	1003.9096	3.64396	30.06263	19.13076	0	31.88461	5.46593	15.48681	2.73297	0	0	35.52856
10344826_LMAD8_Mo1W_ACATTA	910.9772	3.44632	27.57056	48.24848	0	62.03376	1.14877	16.08283	2.29755	0	0	25.27301
10344823_LMAD8_MS1334_GGTATA	884.73298	2.12676	41.47186	143.55643	0	36.15495	2.12676	7.44367	0	0	0	18.07748
10344826_LMAN8_MS1334_ACTCTT	1043.43204	0.99374	33.78732	173.90534	0	28.8186	1.98749	3.97498	0	0	0	17.88741
10343262_LMAN8_MS153_ACAACG	1289.69376	0	49.49163	58.22545	0	20.37891	5.82255	5.82255	0	0	0	11.64509
10344823_LMAD8_MS153_GACATC	866.58997	0	28.54381	74.2139	0	57.08761	2.2835	7.99227	0	0	0	17.12628
10343262_LMAN8_Mo17_AAGCTC	831.30476	2.18477	32.77154	101.59178	0	22.94008	5.46192	2.18477	0	0	0	26.21723
10343264_LMAD26_Mo18W_CTCTCG	1022.04126	0	165.64117	111.60221	0	31.71852	0	1.17476	1.17476	0	0	28.19424
10344827_LMAN26_Mo18W_TTCCGC	1170.3077	0	95.58805	211.84378	0	18.08422	3.22933	3.87519	0	0	0	26.48047
10343262_LMAN8_Mo44_CCGCAA	1295.19598	1.11176	20.01161	122.29318	0	34.46444	2.22351	5.55878	0	0	0	14.45283
10343262_LMAN8_Mo45_ATATCC	1300.50873	4.19181	25.15085	155.09693	0	26.19881	2.0959	4.19181	0	0	0	13.62338
10344826_LMAD8_Mo45_AAGCTC	1133.43843	0	38.81638	138.18633	0	51.23763	6.21062	3.10531	0	0	0	29.50045
10343262_LMAN8_Mo46_CTCATA	1009.88968	0	21.58202	107.9101	0	14.88415	0	5.95366	0	0	0	31.25672
10343262_LMAN8_Mo47_GAAGTG	959.21098	0	8.90908	198.96946	0	26.72724	2.96969	2.96969	0	0	0	29.69693
10344823_LMAD8_Mo47_ATTGGT	917.29547	0	11.68033	172.09024	0	52.95084	0.77869	1.55738	0	0	0	29.59018
10343927_LMAD26_Mp339_CTCCAT	981.10643	1.82023	70.98915	220.24838	0	40.95528	2.73035	19.11246	0	0	0	22.75293
10344827_LMAN26_Mp339_GGTGAG	1044.07014	2.54444	57.67406	157.75552	0	25.44444	1.6963	18.65926	0.84815	0	0	16.96296
10344823_LMAD8_Mt42_GGCCAA	723.69535	0	55.58503	186.37335	0	63.21435	2.17981	0	0	0	0	34.87688
10344826_LMAN8_Mt42_CTAGTC	1016.71374	0	45.90739	194.43131	0	27.00435	1.35022	0	1.35022	0	0	33.75544
10344823_LMAD8_N192_GATTGT	740.23713	3.94267	58.15445	104.48087	0	44.35509	2.95701	1.97134	0.98567	0	0	24.64172
10344826_LMAN8_N192_TTCCGC	1254.51888	0	62.58988	68.03248	0	28.57364	1.36065	14.96714	4.08195	0	0	10.8852
10343264_LMAN26_N28Ht_GAGTCC	1395.0131	0.99929	94.93284	143.8982	0	23.98303	0.99929	7.99434	0	0	0	25.98162
10343927_LMAD26_N28Ht_AAGCTC	1043.12313	4.70405	58.80063	99.96107	0	45.86449	3.52804	7.05608	0	0	0	21.16823
10343927_LMAD26_NC222_GCATGG	990.65947	0.56934	34.73002	169.66467	0	29.03657	5.1241	0.56934	1.70803	0	0	9.10951
10344827_LMAN26_NC222_CCAATT	748.19053	0.61529	52.91479	223.34964	0	34.45614	3.07644	1.23058	0	0	0	10.4599
10343927_LMAD26_NC230_ACTCTT	1195.80974	0.91144	102.99276	29.16609	0	57.42074	0.91144	0	0.91144	0	0	40.10338
10344827_LMAN26_NC230_CAGCGT	1506.54797	3.858	80.05345	27.00598	0	32.79298	0	8.68049	1.929	0	0	37.61547
10343927_LMAD26_NC232_TCAGGA	703.0651	0	15.28402	61.1361	0	61.1361	0	15.28402	0	0	0	15.28402
10344827_LMAN26_NC232_TGCTAT	1479.62985	4.9064	49.76491	35.74662	0	34.3448	0	16.82194	2.80366	0	0	35.74662
10343264_LMAD26_NC236_GGTGAG	1157.20146	0	90.46143	29.3706	0	88.11179	0	0	1.17482	0	0	17.62236
10344827_LMAN26_NC236_TGCACG	1294.43287	0	67.47695	55.66849	0	39.92386	1.12462	2.24923	0.56231	0	0	9.55923
10343264_LMAD26_NC238_TGGCGA	1146.51067	2.30532	44.56945	19.21097	0	57.63291	3.07376	1.53688	0	0	0	16.13721
10344827_LMAN26_NC238_GTCAGG	799.48605	0.88439	19.45652	19.45652	0	29.18478	1.76877	13.26581	0	0	0	35.37549
10343264_LMAN26_NC250_GATTGT	1366.16689	1.33807	75.60081	149.19452	0	10.03551	3.34517	6.0213	0	0	0	4.0142
10343927_LMAD26_NC250_CAGCGT	848.41506	0	42.88437	169.2194	0	34.77111	1.15904	4.63615	0	0	0	13.90844
10343927_LMAD26_NC258_TGTGCA	862.11379	2.65266	35.36877	78.69552	0	30.94767	7.07375	0	0	0	0	26.52658
10344827_LMAN26_NC258_CAACAG	937.67595	2.18572	30.60015	77.59323	0	16.39294	2.18572	1.09286	0	0	0	31.69301
10343262_LMAN8_NC260_CCGACC	1108.95589	1.18226	26.00963	160.78678	0	34.28542	3.54677	3.54677	0	0	0	11.82256
10343264_LMAN26_NC262_ACAGAT	1224.07386	0	92.53609	198.0597	0	10.55236	0.81172	2.43516	0	0	0	55.19696
10343927_LMAD26_NC262_AAGACA	784.86807	0	41.01448	281.5085	0	42.87878	0	11.18577	1.86429	0	0	41.01448
10343262_LMAN8_NC264_ACCGTG	1599.75699	0	38.7393	27.2936	0	20.25009	1.76088	3.52175	0	0	0	21.13053
10344826_LMAD8_NC264_AACGCC	1646.87213	1.59426	36.66801	20.7254	0	43.04506	1.59426	1.59426	1.59426	0	0	9.56557
10343262_LMAN8_NC290A_GCTCGA	1054.24223	0	38.86607	127.00877	0	16.65689	1.38807	9.02248	0.69404	0	0	46.50048
10344826_LMAD8_NC290A_CAGCGT	734.02266	0	26.41727	252.85099	0	50.94759	5.66084	5.66084	3.7739	0	0	33.96506
10343262_LMAN8_NC294_TCAGGA	1283.50533	1.45357	64.68402	146.81092	0	7.99465	3.63393	15.26252	0.72679	0	0	7.99465
10344826_LMAD8_NC294_CGATCT	794.34037	3.53564	76.60553	146.13977	0	44.78477	1.17855	4.71419	1.17855	0	0	4.71419
10343264_LMAD26_NC296_GCGCTG	1467.48614	2.48516	140.41146	111.83214	0	13.66837	0	0	2.48516	0	0	14.91095
10344827_LMAN26_NC296_CTCATA	1659.67783	2.48902	124.45095	181.20058	0	13.93851	1.99122	0.99561	2.48902	0	0	8.46266
10343927_LMAD26_NC296A_GGTATA	1844.72446	2.35798	146.19461	94.3191	0	34.58367	3.92996	0.78599	8.64592	0	0	6.28794
10344827_LMAN26_NC296A_TGGATT	2211.52978	1.8358	111.98394	171.95348	0	12.85062	1.8358	0.61193	4.28354	0	0	6.73127
10343264_LMAD26_NC300_ACATTA	815.92865	0	76.83633	120.7428	0	16.46493	9.14718	0	0	0	0	7.31775
10344827_LMAN26_NC300_AAGTGG	894.38166	0.70758	101.89158	161.32834	0	16.98193	1.41516	0.70758	0.70758	0	0	7.0758
10343927_LMAD26_NC302_ATGAAC	1060.12651	3.15139	94.5416	158.19962	0	37.18636	1.89083	0.63028	0.63028	0	0	16.38721
10344827_LMAN26_NC302_CAGGAC	1541.89159	0.52624	88.4088	182.08003	0	15.26104	0.52624	0.52624	0	0	0	22.62844
10343264_LMAD26_NC304_TTGGTA	1526.93942	3.3633	22.70229	162.27935	0	26.0656	2.52248	3.3633	1.68165	0	1.68165	15.97569
10344827_LMAN26_NC304_TATGTC	1396.55052	1.74496	13.95969	148.90335	0	23.8478	2.90827	16.86796	0	0	0	30.24599
10343264_LMAN26_NC306_AGATAG	1367.6898	3.04834	112.78868	125.99817	0	21.3384	7.1128	8.12891	0	0	0	40.64457
10343927_LMAD26_NC306_CGCCTG	1023.40105	2.13209	84.21738	90.61363	0	42.64171	0	4.26417	1.06604	0	0	13.85856
10343262_LMAN8_NC310_TTCGAG	856.31587	1.73695	51.24	93.79525	0	23.44881	2.60542	10.42169	0	0	0	15.63254
10343264_LMAN26_NC314_ACGTCT	1465.91727	2.00719	73.59694	177.97079	0	6.02157	2.00719	19.40283	0	0	0	8.02876
10343927_LMAD26_NC314_CACTAA	997.83751	3.86011	79.13218	151.50918	0	31.84588	2.89508	12.54535	0	0	0	7.72021
10343927_LMAD26_NC318_TGACAC	2292.77434	5.57853	85.07253	29.28726	0	46.02284	0	1.39463	0	0	0	26.498
10344827_LMAN26_NC318_CGGTTA	1986.00004	4.07803	58.11191	57.0924	0	14.2731	4.07803	1.01951	0	0	0	27.52669
10343927_LMAD26_NC320_GTGCCA	1534.62199	0.76084	66.95426	30.43375	0	36.5205	3.04338	0	0	0	0	18.26025
10344827_LMAN26_NC320_TGGCGA	1650.3523	2.60308	53.36313	23.42771	0	19.5231	1.30154	0	0	0	0	16.92002
10343262_LMAN8_NC324_CGTCGC	892.45602	0	62.43519	123.03406	0	13.77247	2.75449	0.91816	0	0	0	5.50899
10344826_LMAD8_NC324_GAACCT	746.75655	1.64484	78.95223	134.87673	0	34.5416	0	19.73806	0	0	0	13.15871
10343264_LMAN26_NC326_ATACTG	1293.43759	0	112.05285	154.55565	0	34.77502	2.89792	7.72778	0.96597	0	0	21.2514
10343927_LMAD26_NC326_CATCTA	844.59728	2.3825	65.51883	85.7701	0	41.6938	1.19125	9.53001	0	0	0	20.25127
10343262_LMAN8_NC328_TGACAC	1064.53966	1.8043	52.32483	77.58509	0	17.14089	5.41291	15.33659	0	0	0	21.65165
10344826_LMAD8_NC328_AGTTGA	982.2456	0	64.76345	91.74821	0	53.96954	3.59797	5.39695	0	0	0	28.78375
10343264_LMAD26_NC33_GGAGGT	1190.09734	1.22312	89.28788	19.56995	0	75.83354	1.22312	0	46.47862	0	0	30.57804
10344827_LMAN26_NC33_AGACCA	1176.27113	2.25124	78.79328	30.9545	0	19.69832	1.12562	2.25124	3.93966	0	0	27.01484
10343264_LMAD26_NC336_AAGACA	1347.65276	1.42609	112.66092	95.54787	0	22.8174	1.42609	0	1.42609	0	0	5.70435
10344827_LMAN26_NC336_ACACGC	1394.47806	1.74237	124.28917	182.94902	0	19.74688	1.16158	0	0	0	0	7.55028
10343264_LMAD26_NC338_ACCTAC	896.69932	0	31.48944	14.99497	0	32.98894	0	4.49849	0	0	0	20.99296
10344827_LMAN26_NC338_GGCTGC	1283.60695	0	44.06624	27.71909	0	18.47939	0.71075	8.52895	0	0	0	22.74387
10343927_LMAN8_NC340_CGGTTA	1380.96655	0.8669	69.35174	246.19868	0	28.60759	4.33448	3.46759	0	0	0	7.80207
10344826_LMAD8_NC340_GGCCAA	1313.57124	0	49.16437	113.45625	0	35.2975	2.52125	1.26062	1.26062	0	0	5.0425
10343264_LMAN26_NC342_AGTACT	1022.90726	0	70.54533	186.73763	0	18.67376	6.22459	3.11229	0	0	0	67.43303
10343927_LMAD26_NC342_CGCAAC	845.63577	0	39.9328	194.96602	0	34.06033	1.17449	7.04696	1.17449	0	0	54.02673
10343927_LMAD26_NC344_AATGAA	927.96771	5.24869	20.99474	69.28266	0	43.03923	3.14921	4.19895	0	0	0	36.7408
10344827_LMAN26_NC344_AGAATC	1259.02834	1.0706	44.9653	54.60072	0	11.77663	5.35301	1.0706	0	0	0	24.62385
10343927_LMAD26_NC346_GATTGT	1239.01243	4.7733	206.61572	147.97232	0	31.3674	1.3638	2.7276	8.8647	0	0	9.5466
10344827_LMAN26_NC346_GCGAAT	1612.50723	0.84248	149.96149	228.31215	0	15.16464	0	0	2.52744	0	0	9.26728
10343927_LMAD26_NC348_TAGGCT	1256.35464	2.29366	35.5518	174.31849	0	36.69863	1.14683	0	1.72025	0	0	4.01391
10344827_LMAN26_NC348_CGCCTG	1329.17924	1.67087	61.82229	203.84647	0	17.54416	4.17718	0	0.83544	0	0	16.70873
10343927_LMAD26_NC350_GCTCGA	1098.55992	3.88184	0	74.40188	0	25.87891	1.94092	0	1.29395	0	0	24.58497
10344827_LMAN26_NC350_GATCAC	1168.71655	2.50439	1.6696	141.91558	0	15.86115	0.8348	0	1.6696	0	0	15.02636
10343264_LMAD26_NC352_ACAACG	1536.34172	7.15909	107.38642	123.13643	0	21.47728	0	0	1.43182	0	0	10.02273
10344827_LMAN26_NC352_GGCCAA	1578.92861	0.74268	144.82177	177.4995	0	18.56689	2.9707	2.22803	0.74268	0	0	8.91211
10343927_LMAD26_NC354_ACACGC	878.26845	2.26943	80.94292	53.70978	0	25.72018	2.26943	3.0259	0	0	0	26.47665
10344827_LMAN26_NC354_CAAGCA	1397.95317	4.00273	242.16512	201.13714	0	21.01433	0	4.00273	0	0	0	38.02593
10343927_LMAD26_NC356_ACCAGT	1231.8231	4.04318	3.36932	170.48755	0	37.73638	3.36932	0.67386	1.34773	0	0	8.76023
10344827_LMAN26_NC356_AACCGA	1252.81136	5.88174	29.40872	252.91497	0	21.17428	3.52905	1.17635	3.52905	0	0	18.82158
10343262_LMAN8_NC358_AGTACT	1249.61679	0	17.81773	217.3763	0	19.00558	2.3757	1.18785	0	0	0	15.44203
10344826_LMAD8_NC358_GCAGCC	1282.75612	3.69138	14.76554	145.80969	0	44.29661	0	5.53708	1.84569	0	0	11.07415
10343264_LMAN26_NC360_ATGGCG	1396.44789	0	37.90078	109.78158	0	41.16809	6.53462	0	0	0	0	29.40578
10343927_LMAD26_NC360_GGCCAA	1156.70008	2.18658	24.05236	55.75775	0	28.42552	3.27987	0	0	0	0	19.67921
10343262_LMAN8_NC362_TATGTC	909.13672	0	28.11763	216.60989	0	31.24181	2.08279	1.04139	2.08279	0	0	28.11763
10343262_LMAN8_NC364_GATCAC	995.91322	1.45601	20.38419	66.97662	0	26.20824	7.28007	0	0	0	0	29.12027
10343264_LMAD26_NC366_TAATCG	761.78451	0	31.41379	83.02217	0	42.63301	0	1.12192	0	0	0	49.36453
10344827_LMAN26_NC366_GTAGAA	1007.91105	2.49637	74.26713	150.40654	0	17.47462	1.87228	3.12047	1.24819	0	0	46.80701
10343262_LMAN8_NC368_GATTGT	1195.0189	0	55.47079	160.24895	0	23.28404	2.05447	4.10895	0.68482	0	0	8.90272
10344826_LMAD8_NC368_CAACAG	694.30288	0	68.13253	129.77624	0	37.31067	0	4.86661	0	0	0	8.11101
10344823_LMAD8_ND246_CCGCAA	1017.51901	4.2574	43.63837	95.79154	0	30.86616	1.06435	0	0	0	0	17.02961
10344826_LMAN8_ND246_CGTCGC	966.54881	7.0551	63.49591	211.65302	0	56.44081	7.0551	0	0	0	0	28.2204
10343927_LMAD26_Oh7B_GTAGAA	1312.64254	1.77865	86.70911	140.06856	0	64.03134	0.44466	3.11263	0	0	0	20.45446
10344827_LMAN26_Oh7B_GTTACC	1633.88529	1.73265	36.38557	150.74021	0	26.85601	0.86632	5.19794	0.86632	0	0	36.38557
10343262_LMAN8_Oh40B_AAGTGG	914.53898	2.55458	30.65494	29.37765	0	25.54578	6.38645	1.27729	0	0	0	33.20952
10343262_LMAN8_Oh43E_TGCACG	949.88275	1.25979	45.35249	17.63708	0	26.45562	3.77937	0	1.25979	0	0	25.19583
10343262_LMAN8_Oh603_AGACCA	1134.64711	3.52813	74.09076	201.80912	0	19.75754	2.82251	4.23376	0.70563	0	0	40.2207
10344826_LMAD8_Oh603_CACACT	1152.75221	0	32.93578	85.63302	0	48.30581	2.19572	2.19572	0	0	0	28.54434
10343264_LMAN26_Os420_GTCAGG	1635.30496	0	35.05578	221.70415	0	49.26759	1.89491	0	0	0	0	29.37106
10343927_LMAD26_Os420_CAATGC	1245.99292	0	23.03981	149.29797	0	39.62847	2.76478	0.92159	0	0	0	29.49096
10344823_LMAD8_P39_GTGCCA	943.96095	1.2025	27.65745	127.46479	0	31.26495	1.2025	7.21499	1.2025	0	0	21.64496
10344826_LMAN8_P39_ATAAGA	1156.99242	0	43.03911	117.72461	0	22.78541	3.79757	1.26586	0	0	0	26.58298
10343262_LMAN8_Pa762_CAATGC	1108.52996	1.81726	25.44167	78.14228	0	34.52798	3.63452	10.90357	1.81726	0	0	27.25893
10343262_LMAN8_Pa875_ACTCTT	1112.3237	0.79679	81.27293	39.83967	0	24.7006	3.18717	3.98397	0	0	0	22.31022
10344826_LMAD8_Pa875_GCGAAT	950.10601	0.84006	84.8459	69.72484	0	34.44239	3.36023	0.84006	1.68012	0	0	18.48128
10343927_LMAD26_Pa880_TCGTTC	1177.66734	0	18.38252	186.19715	0	47.43876	2.37194	5.92985	0	0	0	18.97551
10344827_LMAN26_Pa880_GCGCTG	1444.27793	0.85663	24.84227	179.89227	0	31.6953	1.71326	13.70608	0.85663	0	0	17.1326
10343927_LMAN8_Pa91_AGTTGA	1502.67836	0	14.49529	198.10229	0	47.10969	2.41588	4.83176	1.20794	0	0	21.74293
10344826_LMAD8_Pa91_CCAATT	1337.92006	0	20.84752	141.02732	0	46.60033	3.67897	2.45265	0	0	0	19.62119
10344823_LMAD8_R168_ACTCTT	695.79445	1.08379	32.51376	126.80366	0	52.02202	2.16758	3.25138	0	0	0	21.67584
10344826_LMAN8_R168_AGTACT	1104.23633	0	30.45391	173.7001	0	33.83768	2.25585	3.38377	1.12792	0	0	32.70976
10343262_LMAN8_R177_GTTACC	980.36715	3.55635	36.74895	138.69765	0	26.0799	3.55635	2.3709	1.18545	0	0	15.41085
10343262_LMAN8_R229_GTAGAA	1034.60718	3.42869	81.43139	105.43222	0	34.2869	3.42869	12.85759	0	0	0	18.85779
10344826_LMAD8_R229_TGGATT	1054.31251	0	66.41339	201.31558	0	50.84775	3.11313	7.26396	1.03771	0	0	24.90502
10343264_LMAN26_R4_GCTCGA	1333.79217	2.04256	24.51073	214.46888	0	42.89378	6.12768	4.08512	0	0	0	61.27682
10343927_LMAD26_R4_CAGGAC	1080.81717	2.66704	34.00474	110.01532	0	70.67651	4.00056	0.66676	1.33352	0	0	38.67205
10343262_LMAN8_SA24_CCTGCT	1137.86216	0	18.29641	124.58981	0	25.26646	1.74251	8.71257	1.74251	0	0	28.75149
10344826_LMAD8_SA24_AACAAG	1024.39987	0	36.80479	139.55148	0	23.00299	4.6006	13.80179	0	0	0	19.93593
10343264_LMAD26_SC213R_CGCAAC	722.93463	0.74453	64.02923	155.60591	0	29.78104	2.9781	0.74453	1.48905	0	0	17.86862
10344827_LMAN26_SC213R_AGTACT	861.28662	1.21737	49.91202	235.56037	0	23.12996	6.69551	2.43473	0.60868	0	0	44.43387
10343927_LMAD26_SC357_GACATC	683.70974	0	38.28237	167.90514	0	67.16206	1.34324	3.3581	0	0	0	6.71621
10344827_LMAN26_SC357_CGCAAC	933.05245	0	127.16217	165.31083	0	28.61149	2.38429	6.35811	0	0	0	10.33193
10343264_LMAD26_SC55_CGATCT	1033.5996	1.67656	50.29682	266.57313	0	19.28045	3.35312	1.67656	0	0	0	20.11873
10344827_LMAN26_SC55_ACCGTG	947.09328	0	67.53042	167.57548	0	15.00676	3.33484	0	0	0	0	25.84498
10343262_LMAN8_SD40_CAGATG	1280.23377	0	28.4125	35.09779	0	16.71323	0	0	1.67132	0	0	10.02794
10344823_LMAD8_SD44_GTGTAG	774.97346	1.12315	20.2167	226.87629	0	26.9556	0	6.7389	0	0	0	13.4778
10344826_LMAN8_SD44_GTAGAA	1031.93963	2.05976	24.03053	219.70771	0	24.71712	0.68659	2.05976	0	0	0	6.17928
10343927_LMAD26_Sg1533_GGCTGC	945.03263	3.13964	48.1412	113.02716	0	32.44298	2.0931	1.04655	1.04655	0	0	6.27929
10344827_LMAN26_Sg1533_AACAAG	1221.83513	1.28479	64.23949	152.88999	0	10.27832	1.28479	5.13916	2.56958	0	0	3.85437
10343262_LMAN8_SG18_GCATGG	1338.01461	0	14.36794	122.12751	0	14.36794	1.79599	5.38798	0	0	0	3.59199
10344826_LMAD8_SG18_CGCCTG	850.07396	0	44.42895	116.99624	0	28.13834	1.48097	1.48097	2.96193	0	0	10.36676
10343264_LMAN26_T232_ATTGGT	1233.19812	1.65087	46.77458	140.32375	0	22.01157	4.40231	16.50868	0	0	0	19.81041
10343927_LMAD26_T232_CCTAAG	1008.47826	0.53642	64.90738	221.00694	0	34.33117	2.1457	8.04637	0	0	0	11.80134
10343927_LMAD26_T234_GTCAGG	1074.63065	1.80307	105.47969	35.1599	0	27.94761	1.80307	1.80307	0	0	0	16.22764
10344827_LMAN26_T234_CGAAGG	873.326	1.92787	129.16742	39.84269	0	14.78035	1.28525	1.28525	0.64262	0	0	25.70496
10343262_LMAN8_T8_GTGTAG	956.31531	0	22.62886	140.69248	0	35.41909	1.96773	0.98386	0	0	0	24.59659
10344826_LMAD8_T8_AGAATC	1039.81491	0.93846	30.03076	87.27688	0	31.90768	5.63077	0.93846	0	0	0	12.19999
10343264_LMAD26_Tx303_AGAATC	1313.06003	1.29366	45.27793	177.23076	0	53.03986	0	1.29366	1.29366	0	0	27.16676
10344827_LMAN26_Tx303_CGTCGC	1010.8125	0.81847	107.21979	180.88224	0	16.36943	0.81847	6.54777	1.63694	0	0	19.64332
10343264_LMAD26_Tzi11_CGCCTG	953.65177	1.28179	26.91759	202.52282	0	28.19938	1.28179	5.12716	0	0	0	12.8179
10344827_LMAN26_Tzi11_AGATAG	1034.48636	0.8038	63.49994	300.61997	0	22.50631	4.01898	4.01898	0.8038	0	0	9.64556
10343264_LMAD26_Tzi16_AGTTGA	689.00057	8.92488	74.96897	166.00273	0	60.68917	1.78498	1.78498	3.56995	0	0	16.06478
10344827_LMAN26_Tzi16_AATAGC	736.47836	0.72919	32.08421	159.69184	0	15.31292	2.91675	3.64593	3.64593	0	0	35.00095
10343264_LMAD26_Tzi18_CACTAA	1109.18957	3.50344	60.95988	231.92782	0	34.33373	0.70069	10.51032	0	0	0	30.1296
10344827_LMAN26_Tzi18_ACGTCT	1093.64061	1.68123	39.50892	179.05108	0	20.17477	2.52185	7.56554	0	0	0	26.05908
10343264_LMAD26_Tzi25_GAACCT	777.42039	0	43.30458	98.98191	0	20.62123	2.06212	2.06212	0	0	0	26.8076
10344827_LMAN26_Tzi25_TACCTT	1066.25662	1.673	133.28208	204.10561	0	17.28763	2.23066	1.673	3.90366	0	0	46.28624
10343264_LMAD26_Tzi9_CAATGC	906.82224	1.30478	18.26692	91.33461	0	46.97209	3.91434	5.21912	0	0	0	33.92429
10344827_LMAN26_Tzi9_ACAGAT	952.66004	1.08503	59.13436	131.83166	0	13.56293	1.62755	3.2551	0	0	0	34.17858
10343927_LMAD26_U267Y_AATCCG	1468.95874	0	47.90083	109.63967	0	43.64298	2.12893	2.12893	5.32231	0	0	28.7405
10344827_LMAN26_U267Y_GACGAT	1821.05443	0	49.14778	143.56324	0	20.6938	0	0	1.29336	0	0	46.56105
10343262_LMAN8_Va102_CAACAG	916.62572	0	23.10821	32.73663	0	50.06779	3.85137	1.92568	3.85137	0	0	23.10821
10343927_LMAN8_Va14_AACAAG	1255.23732	4.20163	30.46183	45.16754	0	28.36101	1.05041	12.60489	1.05041	0	0	38.86509
10344826_LMAD8_Va14_AAGTGG	1037.16188	0	28.45871	36.89092	0	55.86339	5.27013	16.86442	1.05403	0	0	26.35066
10343262_LMAN8_Va17_GGTATA	942.38134	1.14506	21.18354	22.90113	0	33.77916	3.43517	11.45056	2.86264	0	0	17.74837
10344826_LMAD8_Va17_AACCGA	889.00821	2.53279	7.59836	58.2541	0	62.05328	1.26639	12.66393	0	0	0	30.39344
10343262_LMAN8_Va22_GTCAGG	1104.8635	0	49.61254	155.13764	0	69.30006	0.7875	7.08751	0	0	0	25.98752
10344826_LMAD8_Va22_GCGCTG	905.48837	0	245.75185	159.9861	0	70.92168	8.24671	14.84407	0	0	0	28.0388
10343262_LMAN8_Va26_GGTGAG	1022.32989	0	58.26032	22.19441	0	65.19607	4.16145	2.7743	1.38715	0	0	12.48435
10343262_LMAN8_Va35_TAATCG	930.75576	1.17076	19.90295	108.88086	0	21.07372	5.85381	4.68305	0	0	0	19.90295
10343262_LMAN8_Va59_AACAAG	987.30231	2.05688	30.8532	109.01463	0	16.45504	0	6.17064	0	0	0	18.51192
10344823_LMAD8_Va59_ATATCC	811.17985	0	29.23171	138.85061	0	55.54024	1.46159	0	0	0	0	23.38537
10343927_LMAD26_Va85_AGTACT	840.50224	1.04475	75.22208	165.07067	0	43.87955	3.13425	0	1.56713	0	0	12.53701
10344827_LMAN26_Va85_CTCTCG	897.48612	0.82112	64.86862	134.66397	0	22.99141	0.82112	1.64224	0	0	0	14.78019
10343262_LMAN8_Va99_TACCTT	1113.66053	0	38.09891	112.34295	0	30.28375	1.95379	4.88448	0	0	0	26.37617
10343262_LMAN8_VaW6_AATAGC	1081.63565	0	52.66637	242.26532	0	23.69987	1.97499	0.65833	0.65833	0	0	21.06655
10344823_LMAD8_W117HT_TGTGCA	861.39893	0.97775	37.15455	194.57252	0	66.48709	0.97775	2.93325	2.93325	0	0	35.19905
10344826_LMAN8_W117HT_GTGCCA	1317.20003	6.92534	49.86246	181.44396	0	42.93712	0	2.77014	0	0	0	29.08644
10344823_LMAD8_W153R_TTCCGC	1037.50705	1.37966	28.97294	45.5289	0	30.3526	1.37966	2.75933	0	0	0	16.55596
10344826_LMAN8_W153R_TCAGGA	1436.93315	0.93489	38.33068	29.91663	0	33.65621	2.80468	1.86979	0.93489	0	0	21.50258
10344823_LMAD8_W182B_CTAGTC	1040.4889	0	53.74426	156.93324	0	61.26846	2.14977	0	2.14977	0	0	18.27305
10343262_LMAN8_Wf9_TGGATT	1199.08317	2.07454	60.16161	110.9878	0	56.01254	4.14908	9.33542	10.37269	0	0	32.15534
10343262_LMAN8_Yu796NS_CACACT	1167.88419	1.78303	60.623	142.64234	0	23.17938	0	1.78303	5.34909	0	0	30.3115
10343927_LMAN8_Il677a_GAAGTG	1616.33269	1.12401	61.82079	22.48029	0	24.72832	5.62007	1.12401	0	0	0	30.34839
10344826_LMAD8_Il677a_CCGACC	1563.32029	1.28563	50.13938	30.85501	0	73.28064	3.85688	1.28563	0	0	0	34.71188
10343262_LMAN8_A272_AGTTGA	883.43182	0	24.61575	131.28398	0	22.42768	2.18807	3.2821	0.54702	0	0	24.61575
10344823_LMAD8_A272_ATGGCG	887.58163	3.02413	15.12064	133.06164	0	61.99463	4.53619	7.56032	0	0	0	24.19303
10343262_LMAN8_B97_CTCCAT	1232.66483	1.4325	39.3937	133.9386	0	34.37996	3.58125	5.72999	0	0	0	22.20372
10343927_LMAD8_MR19_Santo_Domingo_CGAAGG	1000.46759	1.34021	19.43306	188.29966	0	36.85581	3.35053	4.69074	0.67011	0	0	38.19602
10343927_LMAN8_MR19_Santo_Domingo_CAAGCA	1182.47023	2.10217	68.3205	227.03428	0	31.53254	2.10217	3.15325	0	0	0	29.43037
10343927_LMAN8_MR20_Shoepeg_AACCGA	828.21357	1.26638	40.52421	149.43303	0	21.52849	2.53276	3.79914	0	0	0	16.46296
10344826_LMAD8_MR20_Shoepeg_TATGTC	816.55611	2.7264	47.71196	174.48945	0	39.53277	1.3632	1.3632	1.3632	0	0	10.90559
10343927_LMAD26_CML103_AGACCA	877.62741	0	33.42526	18.85528	0	43.70996	4.28529	2.57117	6.85646	0	0	26.5688
10344827_LMAN26_CML103_CAGATG	980.61128	0	101.37721	32.21332	0	25.58116	7.5796	2.84235	12.31686	0	0	41.68782
10343264_LMAD26_CML206_CTCATA	1100.60049	1.67265	72.76006	134.64793	0	40.14348	0	0	0	0	0	42.65245
KAKRNA14_LMAN26_CML206_AGGCAT	1510.49351	0	72.06553	201.78348	0	8.64786	0	0	0	0	0	46.12194
10343264_LMAD26_CML330_GGCTGC	1059.62793	0	62.90524	81.34298	0	40.12921	3.25372	1.08457	0	0	0	18.43774
KAKRNA14_LMAN26_CML330_GAAGTG	1679.50006	6.718	73.898	131.001	0	30.231	5.0385	11.7565	0	0	0	28.5515
10343264_LMAD26_CML411_TTAACT	871.98758	0.71592	27.92078	88.77378	0	70.87584	5.72734	3.57959	2.14775	0	0	13.60243
KAKRNA14_LMAN26_CML411_AACAAG	1513.2971	1.5521	65.18818	181.59565	0	26.38569	3.1042	1.5521	1.5521	0	0	13.9689
10343927_LMAN8_CML418_ACCTAC	1152.72628	6.95461	97.36451	189.51307	0	20.86382	3.4773	0	0	0	0	33.03439
10343264_LMAD26_CML504_CGTCGC	945.04819	0	50.98526	109.25413	0	25.49263	3.6418	1.8209	0	0	0	23.67173
KAKRNA14_LMAN26_CML504_TTGGTA	1346.00475	0	50.53835	185.30729	0	32.00762	0	3.36922	1.68461	0	0	18.53073
10343927_LMAD8_CML505_AACGCC	1169.85424	0	64.11433	29.73418	0	69.68949	0.92919	4.64597	0	0	0	20.44225
10343927_LMAN8_CML505_CAACAG	981.61282	0	51.25916	35.88141	0	82.01465	2.56296	1.28148	1.28148	0	0	15.37775
10343264_LMAD26_CML511_CTCCAT	1162.91692	0.84884	30.5584	76.396	0	31.40725	3.39538	0	1.69769	0	0	22.9188
KAKRNA14_LMAN26_CML511_GGTGAG	1474.51107	1.55539	31.10783	155.53914	0	27.99705	1.55539	1.55539	1.55539	0	0	26.44165
10343264_LMAD26_CML84_TGACAC	889.77909	0.97563	54.63556	105.36858	0	41.9523	2.9269	0	0	0	0	18.53706
KAKRNA14_LMAN26_CML84_CGGTTA	1587.69363	1.18044	77.90913	167.62267	0	48.3981	3.54132	3.54132	1.18044	0	0	24.78927
10343264_LMAD26_CML85_TCGTTC	800.02222	0	96.1975	15.82997	0	40.18376	6.08845	1.21769	4.87076	0	0	19.48304
KAKRNA14_LMAN26_CML85_GCGCTG	1505.07325	0	102.81015	30.33742	0	18.53954	0	3.37082	0	0	0	30.33742
10343264_LMAD26_CML96_AATCCG	802.37983	0	55.50058	80.87228	0	57.08631	1.58573	0	0	0	0	23.78596
KAKRNA14_LMAN26_CML96_GACGAT	1584.29905	1.55019	77.50974	210.82649	0	7.75097	0	0	0	0	0	34.10428
10343264_LMAD26_Ki3_AACCGA	663.8766	5.20688	192.65439	195.25782	0	24.73266	2.60344	3.90516	3.90516	0	0	14.31891
10344827_LMAN26_Ki3_CTCCAT	1000.01713	2.62817	179.37232	168.85966	0	9.85562	1.97112	13.79787	13.14083	0	0	28.25278
10344823_LMAD8_MS71_ATAAGA	763.23571	0	34.80554	120.57633	0	36.04859	0	3.72916	0	0	0	31.07637
10344826_LMAN8_MS71_TAGGCT	1210.08044	2.53155	27.84704	178.47421	0	30.37859	2.53155	3.79732	1.26577	0	0	26.58126
10343262_LMAN8_N6_AACGCC	1135.17863	2.73537	19.14759	28.72139	0	15.04454	0	1.36769	0	0	0	31.45676
10344823_LMAD8_Oh43_AGATAG	792.02128	0	20.84267	83.37066	0	48.63289	6.94756	0	0	0	0	0
10344826_LMAN8_Oh43_GCCACA	1149.63268	3.14968	44.0955	42.52066	0	26.77227	3.14968	6.29936	0	0	0	14.17355
10343262_LMAN8_W22_CGCAAC	991.4673	0	67.10979	169.37234	0	27.96241	3.1957	1.59785	0	0	0	12.78282
10343262_LMAN8_W22R-rstd_ACCAGT	1061.29842	0.61596	51.74061	147.83031	0	30.18202	7.39152	0	0	0	0	4.92768
10343264_LMAN26_W22R-rstd_TAGGCT	1221.4637	5.11073	147.07536	253.2649	0	44.29297	0.56786	0	1.13572	0	0	7.95002
10343927_LMAD26_W22R-rstd_CCAATT	940.61136	3.70867	173.38031	240.59995	0	50.99421	1.85433	0	1.85433	0	0	9.27167
10344826_LMAD8_W22R-rstd_GGTGAG	760.20982	1.42361	196.45872	189.34065	0	72.60431	5.69446	1.42361	2.84723	0	0	14.23614
10343262_LMAN8_W64A_CGAAGG	1198.2719	3.35416	38.57278	27.67178	0	29.34886	5.86977	9.22393	1.67708	0	0	32.70301
